0	l1,15,66,96
0	r0.150917014179
1	l37,72
1	r0.289969310253
2	l31,63
2	r0.230896015608
3	l30,42,45,86
3	r0.168343604728
4	l24,42,46,86
4	r0.165717307238
5	l2,9,24,50,61,81,98
5	r0.0807933365066
6	l15,22,58,80
6	r0.14314000196
7	l12,21,38,57,93
7	r0.235678586845
8	l13,41,59,87
8	r0.048875081177
9	l33,39,41,43,51,69,80
9	r0.413545215785
10	l4,6,38,67,78,80
10	r0.202562909519
11	l6,28,40,49,51,67,89
11	r0.142675668518
12	l24,28,50,55,67,85,98
12	r0.212877996718
13	l25,32,33,35,76
13	r0.198236204888
14	l36,39,44,62,98
14	r0.043760214755
15	l47,70,79,95,97
15	r0.286753414729
16	l45,52,67,80
16	r0.132981979143
17	l18,39,41,53,63,72,79,99
17	r0.105887849274
18	l52,61,62,87
18	r0.228929664951
19	l27,33,37,45,92
19	r0.19954802241
20	l7,94
20	r0.269186652561
21	l
21	r3.33912709147
22	l25,65,72,83,97
22	r0.243469893755
23	l92,99
23	r0.114794419102
24	l9,10,18,38,55,93,94
24	r0.219422160355
25	l63
25	r0.176758708348
26	l15,23,28,64
26	r0.18526103754
27	l32,68,70,92
27	r0.315176393286
28	l21,25,72
28	r0.194015572757
29	l18,23,31,36,86
29	r0.200804708694
30	l80,84,95
30	r0.188646914423
31	l29,36,46,49,54,62,70,85
31	r0.540079518868
32	l2,3,6,27,47,69,71,91
32	r0.219045756033
33	l2,56,58,86
33	r0.233897902062
34	l0,7,77,78
34	r0.230788513719
35	l12,18,62,64,65,66,83,91
35	r0.0827587978456
36	l12,20,30,34,61,75,77,99
36	r0.163534605384
37	l40,59,71,97
37	r0.316846388262
38	l30,41,98
38	r0.265755240676
39	l31,43,68,71,92
39	r0.271612568529
40	l7,71,72,73
40	r0.157954596162
41	l44,45,49,66
41	r0.206100071453
42	l36,45,70,89,99
42	r0.113139982346
43	l4,21,24,56,67,68,80,86,90
43	r0.217225191476
44	l17,37,38
44	r0.125104198219
45	l18,53,58,83,86,90
45	r0.347528257942
46	l78
46	r0.185341238898
47	l5,14,52,70,73
47	r0.0972994420119
48	l18,39,61,79,89
48	r0.0015
49	l2,29,31,39,84
49	r0.277960485455
50	l0,20,46,68
50	r0.183811315779
51	l38,45,61,71
51	r0.21414224765
52	l27,31,64,91
52	r0.181502608507
53	l2,13,65,78,95
53	r0.122057916885
54	l12,69,77
54	r0.136543939702
55	l10,19,22,25,51,58,62
55	r0.14415969873
56	l29,36,80,96,98
56	r0.10757700818
57	l86,94,96,98
57	r0.185448386554
58	l16,38,71,73,78
58	r0.192025490358
59	l10,24,69,92
59	r0.0938150342399
60	l14,49,53,56,65
60	r0.112140610757
61	l6,9,18,20,99
61	r0.145906104207
62	l11,22,33,91
62	r0.234376527307
63	l3,64,65,72
63	r0.418532847764
64	l3,27,28,31,33,39,78
64	r0.231780148687
65	l27,88
65	r0.224086903382
66	l8,19,72,81,83,98
66	r0.220920548089
67	l2,26,30,31,32,45
67	r0.14480733338
68	l1,6,19,28,40,81,85
68	r0.206707957211
69	l12,22,42,46,55,72,88
69	r0.189495891219
70	l20,63,99
70	r0.293020328774
71	l15,16,45,84,97
71	r0.378777175933
72	l10,49,51,92,93,95
72	r0.485748678139
73	l41,50,51,84,92
73	r0.0996637893078
74	l35,54,84
74	r0.0747671315307
75	l29,34,37,51,54,65,85,91
75	r0.0787337005233
76	l9
76	r0.2145206754
77	l0,5,32,37,40,41,44,69,79,83,85,86,87
77	r0.126273697893
78	l13,19,34,82
78	r0.396276688939
79	l0,26,43,74,90
79	r0.22135491481
80	l31,79
80	r0.274272628429
81	l5,21,26,78,93,96
81	r0.111273516984
82	l2,23,24,32,52,53
82	r0.154579062667
83	l1,4,10,18,27,29,70
83	r0.300676561016
84	l9,21
84	r0.242723997987
85	l32,54,57,64,69,90,99
85	r0.15002709172
86	l11,60,71,95
86	r0.324890905912
87	l8,19,20,27,30,47,54,63
87	r0.081397355406
88	l21,26,44,50,55,82
88	r0.314740738319
89	l16,32,35,38,40,57,58
89	r0.112043134183
90	l1,26,52,93,96
90	r0.213031674287
91	l12,24,66,81,95
91	r0.154340567358
92	l22,34,39,57
92	r0.390878569704
93	l15,43,66,75
93	r0.224011253697
94	l4,17,20,90
94	r0.247244477985
95	l76,88
95	r0.342452462539
96	l12,13,24,31,60,74
96	r0.169739096941
97	l37,50,62,89
97	r0.265176851852
98	l5,13,15,28,49,66,92,94
98	r0.247795845379
99	l1,83
99	r0.265975866055
0	0.127232799286
1	0.244435970429
2	0.194703736371
3	0.141856574069
4	0.139762301548
5	0.0683893191229
6	0.120699216028
7	0.198512238188
8	0.0414455466579
9	0.348259049855
10	0.170910041858
11	0.120344329559
12	0.179715967319
13	0.167219277658
14	0.0371048089707
15	0.241677906298
16	0.112141690992
17	0.0894856410671
18	0.193127559063
19	0.168259701279
20	0.22694984121
21	3.11881989764
22	0.205299280168
23	0.0969034714997
24	0.185009394617
25	0.149066221991
26	0.156212111877
27	0.265806940252
28	0.163615636972
29	0.169301003745
30	0.159108727259
31	0.455035674315
32	0.184667381493
33	0.197289267808
34	0.194511499964
35	0.0699894131535
36	0.137981374255
37	0.267078204031
38	0.224106879621
39	0.229120736198
40	0.133116606951
41	0.173849263053
42	0.0954981591551
43	0.183123068352
44	0.105580130124
45	0.292896632328
46	0.156168496633
47	0.0821701610943
48	0.0015
49	0.234211225139
50	0.155041286926
51	0.180668909587
52	0.153061214685
53	0.102946358234
54	0.115298969596
55	0.121592077126
56	0.0907829205451
57	0.156449868971
58	0.161964068476
59	0.0792158122557
60	0.094585689573
61	0.123093952683
62	0.197618548754
63	0.352797188212
64	0.195386202629
65	0.188800439739
66	0.186327849401
67	0.122145168914
68	0.174224737355
69	0.160086893304
70	0.246891940364
71	0.319031835911
72	0.409159376571
73	0.0842505901873
74	0.0631767075844
75	0.0664779432327
76	0.18074245141
77	0.106605560569
78	0.334081684222
79	0.186575888742
80	0.231342300946
81	0.0939458454768
82	0.130297067661
83	0.253509351974
84	0.204722226305
85	0.126454984707
86	0.273741070175
87	0.0687898657221
88	0.265289445879
89	0.0946637806231
90	0.179636244916
91	0.130306505891
92	0.329381155751
93	0.189003008173
94	0.208284537524
95	0.288539495488
96	0.143244871915
97	0.223359939857
98	0.208889596342
99	0.224191600549
